concmd("say " + entity():pos():toString())

spawns: [3504.201171875,-7075.6127929688,-1868.71875]
npc: [1805.0367431641,-6260.01953125,-1868.71875]
